x1 	 x2
0.0	1.0
0.0020	0.999996
0.0040	0.999984
0.0060	0.999964
0.0080	0.999936
0.01	0.9999
0.012	0.999856
0.014	0.999804
0.016	0.999744
0.018000000000000002	0.999676
0.02	0.9996
0.022	0.999516
0.024	0.999424
0.026000000000000002	0.999324
0.028	0.999216
0.03	0.9991
0.032	0.998976
0.034	0.998844
0.036000000000000004	0.998704
0.038	0.998556
0.04	0.9984
0.042	0.998236
0.044	0.998064
0.046	0.997884
0.048	0.997696
0.05	0.9975
0.052000000000000005	0.997296
0.054	0.997084
0.056	0.996864
0.058	0.996636
0.06	0.9964
0.062	0.996156
0.064	0.995904
0.066	0.995644
0.068	0.995376
0.07	0.9951
0.07200000000000001	0.994816
0.074	0.994524
0.076	0.994224
0.078	0.993916
0.08	0.9936
0.082	0.993276
0.084	0.992944
0.08600000000000001	0.992604
0.088	0.992256
0.09	0.9919
0.092	0.991536
0.094	0.991164
0.096	0.990784
0.098	0.990396
0.1	0.99
0.10200000000000001	0.989596
0.10400000000000001	0.989184
0.106	0.988764
0.108	0.988336
0.11	0.9879
0.112	0.987456
0.114	0.987004
0.116	0.986544
0.11800000000000001	0.986076
0.12	0.9856
0.122	0.985116
0.124	0.984624
0.126	0.984124
0.128	0.983616
0.13	0.9831
0.132	0.982576
0.134	0.982044
0.136	0.981504
0.138	0.980956
0.14	0.9804
0.14200000000000002	0.979836
0.14400000000000002	0.979264
0.146	0.978684
0.148	0.978096
0.15	0.9775
0.152	0.976896
0.154	0.976284
0.156	0.975664
0.158	0.975036
0.16	0.9744
0.162	0.973756
0.164	0.973104
0.166	0.972444
0.168	0.971776
0.17	0.9711
0.17200000000000001	0.970416
0.17400000000000002	0.969724
0.176	0.969024
0.178	0.968316
0.18	0.9676
0.182	0.966876
0.184	0.966144
0.186	0.965404
0.188	0.964656
0.19	0.9639
0.192	0.963136
0.194	0.962364
0.196	0.961584
0.198	0.960796
0.2	0.96
0.202	0.9591959999999999
0.20400000000000001	0.958384
0.20600000000000002	0.957564
0.20800000000000002	0.956736
0.21	0.9559
0.212	0.955056
0.214	0.954204
0.216	0.953344
0.218	0.952476
0.22	0.9516
0.222	0.950716
0.224	0.949824
0.226	0.948924
0.228	0.948016
0.23	0.9471
0.232	0.946176
0.234	0.945244
0.23600000000000002	0.944304
0.23800000000000002	0.943356
0.24	0.9424
0.242	0.941436
0.244	0.940464
0.246	0.939484
0.248	0.938496
0.25	0.9375
0.252	0.936496
0.254	0.935484
0.256	0.934464
0.258	0.933436
0.26	0.9324
0.262	0.931356
0.264	0.930304
0.266	0.929244
0.268	0.928176
0.27	0.9271
0.272	0.926016
0.274	0.924924
0.276	0.923824
0.278	0.922716
0.28	0.9216
0.28200000000000003	0.920476
0.28400000000000003	0.9193439999999999
0.28600000000000003	0.918204
0.28800000000000003	0.917056
0.29	0.9159
0.292	0.914736
0.294	0.913564
0.296	0.912384
0.298	0.911196
0.3	0.91
0.302	0.908796
0.304	0.907584
0.306	0.906364
0.308	0.9051359999999999
0.31	0.9039
0.312	0.902656
0.314	0.901404
0.316	0.900144
0.318	0.898876
0.32	0.8976
0.322	0.896316
0.324	0.895024
0.326	0.893724
0.328	0.892416
0.33	0.8911
0.332	0.889776
0.334	0.888444
0.336	0.887104
0.338	0.885756
0.34	0.8844
0.342	0.8830359999999999
0.34400000000000003	0.881664
0.34600000000000003	0.880284
0.34800000000000003	0.878896
0.35000000000000003	0.8775
0.352	0.876096
0.354	0.874684
0.356	0.873264
0.358	0.871836
0.36	0.8704000000000001
0.362	0.8689560000000001
0.364	0.867504
0.366	0.866044
0.368	0.864576
0.37	0.8631
0.372	0.8616159999999999
0.374	0.860124
0.376	0.858624
0.378	0.857116
0.38	0.8556
0.382	0.8540760000000001
0.384	0.852544
0.386	0.851004
0.388	0.849456
0.39	0.8479
0.392	0.846336
0.394	0.844764
0.396	0.8431839999999999
0.398	0.841596
0.4	0.84
0.402	0.8383959999999999
0.404	0.836784
0.406	0.835164
0.40800000000000003	0.8335359999999999
0.41000000000000003	0.8319
0.41200000000000003	0.830256
0.41400000000000003	0.828604
0.41600000000000004	0.8269439999999999
0.418	0.825276
0.42	0.8236
0.422	0.821916
0.424	0.8202240000000001
0.426	0.818524
0.428	0.816816
0.43	0.8151
0.432	0.813376
0.434	0.811644
0.436	0.809904
0.438	0.808156
0.44	0.8064
0.442	0.804636
0.444	0.802864
0.446	0.801084
0.448	0.799296
0.45	0.7975
0.452	0.795696
0.454	0.793884
0.456	0.792064
0.458	0.7902359999999999
0.46	0.7884
0.462	0.786556
0.464	0.784704
0.466	0.782844
0.468	0.780976
0.47000000000000003	0.7790999999999999
0.47200000000000003	0.7772159999999999
0.47400000000000003	0.7753239999999999
0.47600000000000003	0.773424
0.47800000000000004	0.771516
0.48	0.7696000000000001
0.482	0.767676
0.484	0.765744
0.486	0.763804
0.488	0.761856
0.49	0.7599
0.492	0.7579359999999999
0.494	0.755964
0.496	0.753984
0.498	0.751996
0.5	0.75
0.502	0.747996
0.504	0.745984
0.506	0.7439640000000001
0.508	0.7419359999999999
0.51	0.7399
0.512	0.7378560000000001
0.514	0.735804
0.516	0.733744
0.518	0.731676
0.52	0.7296
0.522	0.727516
0.524	0.725424
0.526	0.723324
0.528	0.721216
0.53	0.7191
0.532	0.716976
0.534	0.714844
0.536	0.712704
0.538	0.710556
0.54	0.7083999999999999
0.542	0.706236
0.544	0.704064
0.546	0.701884
0.548	0.6996959999999999
0.55	0.6975
0.552	0.6952959999999999
0.554	0.6930839999999999
0.556	0.6908639999999999
0.558	0.6886359999999999
0.56	0.6863999999999999
0.562	0.684156
0.5640000000000001	0.681904
0.5660000000000001	0.6796439999999999
0.5680000000000001	0.677376
0.5700000000000001	0.6750999999999999
0.5720000000000001	0.6728159999999999
0.5740000000000001	0.6705239999999999
0.5760000000000001	0.6682239999999999
0.578	0.6659160000000001
0.58	0.6636
0.582	0.661276
0.584	0.658944
0.586	0.656604
0.588	0.6542560000000001
0.59	0.6519
0.592	0.6495360000000001
0.594	0.6471640000000001
0.596	0.644784
0.598	0.642396
0.6	0.64
0.602	0.637596
0.604	0.635184
0.606	0.632764
0.608	0.630336
0.61	0.6279
0.612	0.625456
0.614	0.623004
0.616	0.620544
0.618	0.6180760000000001
0.62	0.6155999999999999
0.622	0.613116
0.624	0.6106240000000001
0.626	0.608124
0.628	0.6056159999999999
0.63	0.6031
0.632	0.600576
0.634	0.598044
0.636	0.595504
0.638	0.592956
0.64	0.5904
0.642	0.587836
0.644	0.585264
0.646	0.582684
0.648	0.580096
0.65	0.5774999999999999
0.652	0.574896
0.654	0.572284
0.656	0.569664
0.658	0.567036
0.66	0.5644
0.662	0.5617559999999999
0.664	0.5591039999999999
0.666	0.5564439999999999
0.668	0.5537759999999999
0.67	0.5510999999999999
0.672	0.548416
0.674	0.5457239999999999
0.676	0.543024
0.678	0.540316
0.68	0.5375999999999999
0.682	0.5348759999999999
0.684	0.532144
0.686	0.529404
0.6880000000000001	0.5266559999999999
0.6900000000000001	0.5238999999999999
0.6920000000000001	0.5211359999999999
0.6940000000000001	0.5183639999999999
0.6960000000000001	0.5155839999999999
0.6980000000000001	0.5127959999999999
0.7000000000000001	0.5099999999999999
0.7020000000000001	0.507196
0.704	0.504384
0.706	0.5015640000000001
0.708	0.49873600000000007
0.71	0.4959
0.712	0.49305600000000005
0.714	0.4902040000000001
0.716	0.487344
0.718	0.484476
0.72	0.48160000000000003
0.722	0.47871600000000003
0.724	0.475824
0.726	0.472924
0.728	0.470016
0.73	0.46710000000000007
0.732	0.46417600000000003
0.734	0.461244
0.736	0.45830400000000004
0.738	0.455356
0.74	0.4524
0.742	0.44943600000000006
0.744	0.44646399999999997
0.746	0.443484
0.748	0.440496
0.75	0.4375
0.752	0.434496
0.754	0.431484
0.756	0.42846399999999996
0.758	0.42543600000000004
0.76	0.4224
0.762	0.41935599999999995
0.764	0.416304
0.766	0.41324399999999994
0.768	0.410176
0.77	0.4071
0.772	0.40401599999999993
0.774	0.40092399999999995
0.776	0.39782399999999996
0.778	0.39471599999999996
0.78	0.39159999999999995
0.782	0.38847599999999993
0.784	0.3853439999999999
0.786	0.382204
0.788	0.37905599999999995
0.79	0.3758999999999999
0.792	0.37273599999999996
0.794	0.3695639999999999
0.796	0.36638399999999993
0.798	0.36319599999999996
0.8	0.3599999999999999
0.802	0.3567959999999999
0.804	0.3535839999999999
0.806	0.3503639999999999
0.808	0.3471359999999999
0.81	0.3438999999999999
0.812	0.34065599999999996
0.8140000000000001	0.3374039999999999
0.8160000000000001	0.3341439999999999
0.8180000000000001	0.33087599999999995
0.8200000000000001	0.3275999999999999
0.8220000000000001	0.32431599999999994
0.8240000000000001	0.32102399999999987
0.8260000000000001	0.3177239999999999
0.8280000000000001	0.3144159999999999
0.8300000000000001	0.31109999999999993
0.8320000000000001	0.3077759999999998
0.834	0.30444400000000005
0.836	0.30110400000000004
0.838	0.297756
0.84	0.2944000000000001
0.842	0.2910360000000001
0.844	0.28766400000000003
0.846	0.2842840000000001
0.848	0.28089600000000003
0.85	0.2775000000000001
0.852	0.274096
0.854	0.27068400000000004
0.856	0.26726400000000006
0.858	0.26383600000000007
0.86	0.2604000000000001
0.862	0.2569560000000001
0.864	0.25350400000000006
0.866	0.25004400000000004
0.868	0.24657600000000002
0.87	0.24309999999999998
0.872	0.23961600000000005
0.874	0.236124
0.876	0.23262400000000005
0.878	0.229116
0.88	0.22560000000000002
0.882	0.22207599999999994
0.884	0.21854399999999996
0.886	0.21500399999999997
0.888	0.21145599999999998
0.89	0.20789999999999997
0.892	0.20433599999999996
0.894	0.20076399999999994
0.896	0.19718399999999991
0.898	0.193596
0.9	0.18999999999999995
0.902	0.186396
0.904	0.18278399999999995
0.906	0.179164
0.908	0.17553599999999991
0.91	0.17189999999999994
0.912	0.16825599999999996
0.914	0.16460399999999997
0.916	0.16094399999999998
0.918	0.15727599999999997
0.92	0.15359999999999996
0.922	0.14991599999999994
0.924	0.1462239999999999
0.926	0.14252399999999987
0.928	0.13881599999999994
0.93	0.1350999999999999
0.932	0.13137599999999994
0.934	0.12764399999999987
0.936	0.1239039999999999
0.9380000000000001	0.12015599999999993
0.9400000000000001	0.11639999999999984
0.9420000000000001	0.11263599999999985
0.9440000000000001	0.10886399999999985
0.9460000000000001	0.10508399999999984
0.9480000000000001	0.10129599999999983
0.9500000000000001	0.09749999999999992
0.9520000000000001	0.09369599999999989
0.9540000000000001	0.08988399999999985
0.9560000000000001	0.08606399999999981
0.9580000000000001	0.08223599999999986
0.96	0.07840000000000003
0.962	0.07455600000000007
0.964	0.0707040000000001
0.966	0.06684400000000001
0.968	0.06297600000000003
0.97	0.05910000000000004
0.972	0.05521600000000004
0.974	0.051324000000000036
0.976	0.04742400000000002
0.978	0.043516
0.98	0.03960000000000008
0.982	0.03567600000000004
0.984	0.031743999999999994
0.986	0.02780400000000005
0.988	0.02385599999999999
0.99	0.01990000000000003
0.992	0.01593600000000006
0.994	0.011963999999999975
0.996	0.007983999999999991
0.998	0.0039959999999999996
1.0	0.0