x1 	 x2
0.0	1.0
0.02	0.9996
0.04	0.9984
0.06	0.9964
0.08	0.9936
0.1	0.99
0.12	0.9856
0.14	0.9804
0.16	0.9744
0.18	0.9676
0.2	0.96
0.22	0.9516
0.24	0.9424
0.26	0.9324
0.28	0.9216
0.3	0.91
0.32	0.8976
0.34	0.8844
0.36	0.8704000000000001
0.38	0.8556
0.4	0.84
0.42	0.8236
0.44	0.8064
0.46	0.7884
0.48	0.7696000000000001
0.5	0.75
0.52	0.7296
0.54	0.7083999999999999
0.56	0.6863999999999999
0.58	0.6636
0.6	0.64
0.62	0.6155999999999999
0.64	0.5904
0.66	0.5644
0.68	0.5375999999999999
0.7000000000000001	0.5099999999999999
0.72	0.48160000000000003
0.74	0.4524
0.76	0.4224
0.78	0.39159999999999995
0.8	0.3599999999999999
0.8200000000000001	0.3275999999999999
0.84	0.2944000000000001
0.86	0.2604000000000001
0.88	0.22560000000000002
0.9	0.18999999999999995
0.92	0.15359999999999996
0.9400000000000001	0.11639999999999984
0.96	0.07840000000000003
0.98	0.03960000000000008
1.0	0.0